# Created by Octave 5.2.0, Mon Sep 14 01:53:56 2020 GMT <unknown@DESKTOP-HH5FQS6>
# name: EPSILON
# type: scalar
0.001


# name: K
# type: scalar
200


# name: epsilon
# type: matrix
# rows: 1
# columns: 38
 0 2.75 0.82500000000000018 0.68583333333333329 0.56258333333333344 0.46239166666666698 0.37993249999999978 0.3121919166666669 0.25652759166666694 0.21078850583333342 0.17320471325000053 0.1423221498583338 0.11694597622583291 0.096094398343915977 0.07896067646332483 0.06488191335871818 0.053313406997435919 0.043807576234077494 0.035996644063597039 0.02957840846792692 0.024304550333907216 0.019971026080528809 0.016410173289759911 0.01348422391088544 0.011079974066595 0.0091044042377053103 0.0074810803730525066 0.0061471966849087067 0.0050511457167399243 0.0041505216702102388 0.0034104797408200938 0.0028023879855965106 0.0023027195639997444 0.0018921424933591169 0.0015547717017501128 0.0012775544405609907 0.0010497652785677047 0.00086259113905384766


# name: k
# type: scalar
37


# name: x1
# type: matrix
# rows: 1
# columns: 38
 0 2.75 3.5249999999999999 3.9424999999999999 4.3122500000000006 4.612825 4.8602024999999998 5.0634242500000006 5.2304172250000001 5.3676344825000006 5.4803858602500002 5.5730335504250013 5.6491620713225013 5.7117168049682512 5.7631179706100255 5.8053542599238428 5.8400597790076922 5.8685772712977684 5.892010067809208 5.911264774596221 5.9270863489982766 5.9400869217584154 5.9507694801307185 5.9595473282673446 5.9667600778002132 5.9726867872868832 5.9775567588808389 5.9815584099452757 5.9848465628497767 5.9875484349893711 5.9897685607775371 5.9915928360432131 5.9930918413080034 5.9943235725199244 5.995335684894747 5.9961673366783153 5.9968507041642951 5.9974122265828376


# name: x2
# type: matrix
# rows: 1
# columns: 38
 0 -0.14999999999999999 -0.95500000000000007 -1.5335000000000001 -2.0189500000000002 -2.4166150000000002 -2.7435255000000001 -3.0121293500000004 -3.2328430950000007 -3.4142031015000009 -3.5632264805500009 -3.6856788465350014 -3.7862978406295014 -3.8689763730941507 -3.9369132452288556 -3.9927369089696136 -4.0386071608016145 -4.0762987034580913 -4.1072698085008259 -4.1327187362963871 -4.1536300962575536 -4.1708129410099257 -4.1849320683327038 -4.1965337419338855 -4.2060668261869898 -4.213900152524281 -4.2203367893856951 -4.2256257678224145 -4.2299717164142594 -4.2335427782722226 -4.2364771164319821 -4.2388882593296096 -4.2408694931739257 -4.2424974711547092 -4.2438351791256892 -4.2449343725034527 -4.2458375786649851 -4.2465797423158351


# name: x3
# type: matrix
# rows: 1
# columns: 38
 0 -1.0833333333333333 -1.9083333333333334 -2.5941666666666667 -3.1567500000000002 -3.6191416666666671 -3.9990741666666669 -4.3112660833333338 -4.5677936750000008 -4.7785821808333342 -4.9517868940833347 -5.0941090439416685 -5.2110550201675014 -5.3071494185114174 -5.3861100949747422 -5.4509920083334604 -5.5043054153308963 -5.5481129915649738 -5.5841096356285709 -5.6136880440964978 -5.637992594430405 -5.6579636205109338 -5.6743737938006937 -5.6878580177115792 -5.6989379917781742 -5.7080423960158795 -5.715523476388932 -5.7216706730738407 -5.7267218187905806 -5.7308723404607909 -5.734282820201611 -5.7370852081872075 -5.7393879277512072 -5.7412800702445663 -5.7428348419463164 -5.7441123963868774 -5.7451621616654451 -5.746024752804499


